0.9090909	6.88888888888889	2	0	2	20	0	22
0.9615384	5.81481481481481	1	0	1	25	0	26
0.875	6.52222222222222	2	0	2	21	1	24
0.9117647	9.89444444444444	3	0	3	31	0	34
0.8103448	6.21913580246914	9	0	9	47	2	58
0.8181818	7.9515873015873	6	0	6	45	4	55
0.754717	6.63650793650794	9	0	9	40	4	53
0.7173913	10.6990638990639	20	0	20	66	6	92
0.7466667	9.28240740740741	16	0	16	56	3	75
0.6630435	8.72063492063492	26	0	26	61	5	92
0.7356322	8.32812249478916	16	0	16	64	7	87
0.7821782	11.064594356261	16	0	16	79	6	101
0.6666667	9.2771164021164	31	0	31	66	2	99
0.6607143	9.58465608465609	35	0	35	74	3	112
0.6029412	8.031088664422	44	0	44	82	10	136
0.5804196	7.63033910533911	51	0	51	83	9	143
0.5555556	5.08608305274972	53	0	53	75	7	135
0.5578231	9.92102278621886	53	0	53	82	12	147
0.5555556	9.09062703053931	54	0	54	85	14	153
0.5705128	9.88395061728395	58	0	58	89	9	156
0.502994	8.00867003367003	68	0	68	84	15	167
0.5083799	7.78249158249158	75	0	75	91	13	179
0.5053763	9.32178932178932	78	0	78	94	14	186
0.5113636	7.0297418630752	73	0	73	90	13	176
0.4581281	7.26338826865143	89	0	89	93	21	203
0.5	9.63856020522687	85	0	85	94	9	188
0.4351852	5.64582331248998	106	0	106	94	16	216
0.4666667	6.99607182940516	87	0	87	91	17	195
0.4208145	5.37878787878788	115	0	115	93	13	221
0.4479167	8.5298128342246	89	0	89	86	17	192
0.4246575	6.45707070707071	113	0	113	93	13	219
0.4311111	7.23131313131313	110	0	110	97	18	225
0.4224138	7.74343434343434	114	0	114	98	20	232
0.4170213	5.85454545454546	120	0	120	98	17	235
0.3927126	6.9998075998076	129	0	129	97	21	247
0.4008265	7.98845598845599	125	0	125	97	20	242
0.407563	8.60942760942761	122	0	122	97	19	238
0.4024896	7.04141414141414	123	0	123	97	21	241
0.3778626	5.53535353535354	140	0	140	99	23	262
0.3602941	6.97979797979798	150	0	150	98	24	272
0.3764259	7.07575757575758	140	0	140	99	24	263
0.3764259	7.71717171717172	145	0	145	99	19	263
0.3632959	5.89848484848485	150	0	150	97	20	267
0.3613139	6.09090909090909	155	0	155	99	20	274
0.3589744	5.71919191919192	152	0	152	98	23	273
0.3473684	5.21212121212121	166	0	166	99	20	285
0.3523132	6.16161616161616	161	0	161	99	21	281
0.3390411	5.23232323232323	170	0	170	99	23	292
0.3561151	5.76262626262626	156	0	156	99	23	278
0.3461539	5.6969696969697	164	0	164	99	23	286
0.3485915	5.63636363636364	162	0	162	99	23	284
0.3473684	6.26767676767677	161	0	161	99	25	285
0.3413793	5.76767676767677	169	0	169	99	22	290
0.33	5.97474747474747	176	0	176	99	25	300
0.3311037	5.06565656565657	177	0	177	99	23	299
0.3224756	5.42424242424242	183	0	183	99	25	307
0.3256579	5.25252525252525	182	0	182	99	23	304
0.3311037	5.43939393939394	178	0	178	99	22	299
0.3235294	5.91919191919192	181	0	181	99	26	306
0.318328	5.32828282828283	190	0	190	99	22	311
0.3289036	6.23737373737374	177	0	177	99	25	301
0.318328	5.45454545454545	185	0	185	99	27	311
0.3224756	4.98484848484849	183	0	183	99	25	307
0.3203883	5.24242424242424	186	0	186	99	24	309
0.3142857	5.49494949494949	188	0	188	99	28	315
0.3173077	5.47979797979798	191	0	191	99	22	312
0.3203883	5.32323232323232	186	0	186	99	24	309
0.3193548	5.1969696969697	187	0	187	99	24	310
0.318328	5.82323232323232	185	0	185	99	27	311
0.3152866	4.96464646464646	191	0	191	99	24	314
0.3103448	5.91414141414141	195	0	195	99	25	319
0.3084112	5.15656565656566	193	0	193	99	29	321
0.3074534	5.37373737373737	198	0	198	99	25	322
0.3123028	5.15151515151515	194	0	194	99	24	317
0.3055556	5.35353535353535	201	0	201	99	24	324
0.3084112	4.85353535353535	195	0	195	99	27	321
0.3065015	5.17171717171717	197	0	197	99	27	323
0.3009118	5.35353535353535	202	0	202	99	28	329
0.3027523	5.09090909090909	199	0	199	99	29	327
0.3018293	5.06060606060606	200	0	200	99	29	328
0.3009118	5.09090909090909	202	0	202	99	28	329
0.2990937	5.33333333333333	203	0	203	99	29	331
0.3018293	5.1969696969697	202	0	202	99	27	328
0.3027523	5.11616161616162	202	0	202	99	26	327
0.2990937	5.06565656565657	205	0	205	99	27	331
0.2990937	4.85353535353535	204	0	204	99	28	331
0.2972973	4.90909090909091	204	0	204	99	30	333
0.2946429	4.88383838383838	207	0	207	99	30	336
0.2946429	5.13636363636364	207	0	207	99	30	336
0.2937686	5.08585858585859	207	0	207	99	31	337
0.2937686	4.87878787878788	207	0	207	99	31	337
0.2946429	4.98484848484849	207	0	207	99	30	336
0.2964072	4.87878787878788	206	0	206	99	29	334
0.2937686	4.83333333333333	207	0	207	99	31	337
0.2937686	4.98484848484849	207	0	207	99	31	337
0.2937686	4.85353535353535	207	0	207	99	31	337
0.2937686	4.87373737373737	207	0	207	99	31	337
0.2937686	4.85353535353535	207	0	207	99	31	337
0.2937686	4.87373737373737	207	0	207	99	31	337
0.2937686	4.85353535353535	207	0	207	99	31	337
0.2937686	4.85353535353535	207	0	207	99	31	337
0.8666667	7.03703703703704	0	0	0	13	2	15
1	7.15740740740741	0	0	0	22	0	22
0.8611111	8.70185185185185	5	0	5	31	0	36
0.9473684	8.95502645502646	1	0	1	36	1	38
0.8148148	8.13148148148148	9	0	9	44	1	54
0.779661	7.89603174603175	7	0	7	46	6	59
0.7945206	8.25330687830688	14	0	14	58	1	73
0.8051948	8.57493987493988	9	0	9	62	6	77
0.6813187	8.48672839506173	25	0	25	62	4	91
0.6831683	9.38990299823633	29	0	29	69	3	101
0.7078652	6.83261183261183	22	0	22	63	4	89
0.6666667	8.99069664902998	30	0	30	74	7	111
0.6454545	7.65328282828283	32	0	32	71	7	110
0.6031746	8.68080808080808	40	0	40	76	10	126
0.624	8.4798380631714	41	0	41	78	6	125
0.5735294	8.97037037037037	43	0	43	78	15	136
0.5661765	7.92561728395062	50	0	50	77	9	136
0.5298013	7.41459034792368	61	0	61	80	10	151
0.5584416	8.98000594177065	58	0	58	86	10	154
0.5465838	9.49438832772166	64	0	64	88	9	161
0.5232558	8.43715092097445	76	0	76	90	6	172
0.5172414	9.09487027134086	69	0	69	90	15	174
0.510989	8.4368125701459	73	0	73	93	16	182
0.4789474	7.77532045602221	88	0	88	91	11	190
0.4891304	8.34704353476283	83	0	83	90	11	184
0.4571429	8.32272727272727	95	0	95	96	19	210
0.4597156	6.82034632034632	106	0	106	97	8	211
0.4663461	7.92255892255892	100	0	100	97	11	208
0.4413145	7.37373737373737	104	0	104	94	15	213
0.4366197	6.99106858054226	104	0	104	93	16	213
0.4137931	6.03181818181818	122	0	122	96	14	232
0.4017094	7.95117845117845	123	0	123	94	17	234
0.4074074	8.41919191919192	123	0	123	99	21	243
0.419214	7.19949494949495	117	0	117	96	16	229
0.3967611	8.15555555555556	132	0	132	98	17	247
0.3944223	6.88888888888889	130	0	130	99	22	251
0.394309	6.87525252525252	130	0	130	97	19	246
0.3928571	6.58585858585859	132	0	132	99	21	252
0.3927126	7.24237614237614	128	0	128	97	22	247
0.3793103	6.34343434343434	140	0	140	99	22	261
0.3764259	6.17676767676768	144	0	144	99	20	263
0.3754789	6.21313131313131	137	0	137	98	26	261
0.3548387	6.44949494949495	154	0	154	99	26	279
0.36	7.24747474747475	154	0	154	99	22	275
0.3574007	6.83838383838384	152	0	152	99	26	277
0.3550725	5.81212121212121	158	0	158	98	20	276
0.3586957	5.8989898989899	155	0	155	99	22	276
0.3485915	5.66161616161616	158	0	158	99	27	284
0.3413793	6.1010101010101	169	0	169	99	22	290
0.3473684	6.51010101010101	163	0	163	99	23	285
0.3425606	7.49494949494949	167	0	167	99	23	289
0.3333333	6	178	0	178	99	20	297
0.3322148	5.27777777777778	173	0	173	99	26	298
0.3322148	5.84848484848485	172	0	172	99	27	298
0.3355932	6.71212121212121	170	0	170	99	26	295
0.3333333	5.7979797979798	170	0	170	99	28	297
0.3322148	6.18181818181818	173	0	173	99	26	298
0.3344595	6.18181818181818	174	0	174	99	23	296
0.3214286	5.66666666666667	180	0	180	99	29	308
0.3322148	6.65151515151515	175	0	175	99	24	298
0.3193548	5.25757575757576	186	0	186	99	25	310
0.3142857	5.55555555555556	187	0	187	99	29	315
0.3123028	5.61616161616162	189	0	189	99	29	317
0.3203883	5.65151515151515	185	0	185	99	25	309
0.318328	6.25757575757576	185	0	185	99	27	311
0.318328	6.41414141414142	185	0	185	99	27	311
0.3152866	5.96464646464646	187	0	187	99	28	314
0.3132911	5.73232323232323	189	0	189	99	28	316
0.3084112	5.36363636363636	194	0	194	99	28	321
0.3084112	5.54545454545454	195	0	195	99	27	321
0.3103448	5.43939393939394	190	0	190	99	30	319
0.3113208	5.38383838383838	194	0	194	99	25	318
0.3084112	5.52020202020202	196	0	196	99	26	321
0.3074534	5.22222222222222	196	0	196	99	27	322
0.3084112	5.2979797979798	195	0	195	99	27	321
0.3103448	5.31818181818182	197	0	197	99	23	319
0.3027523	5.41414141414141	201	0	201	99	27	327
0.3009118	4.8989898989899	202	0	202	99	28	329
0.3018293	5.11616161616162	201	0	201	99	28	328
0.303681	5.35858585858586	202	0	202	99	25	326
0.3018293	5.03030303030303	201	0	201	99	28	328
0.2990937	4.93939393939394	202	0	202	99	30	331
0.3009118	5.20707070707071	204	0	204	99	26	329
0.2972973	5.05555555555556	204	0	204	99	30	333
0.2990937	5.05050505050505	202	0	202	99	30	331
0.2981928	5	206	0	206	99	27	332
0.2964072	5	206	0	206	99	29	334
0.2955224	4.85353535353535	207	0	207	99	29	335
0.2937686	4.95454545454545	207	0	207	99	31	337
0.2955224	4.97979797979798	207	0	207	99	29	335
0.2946429	4.96969696969697	207	0	207	99	30	336
0.2955224	4.9949494949495	207	0	207	99	29	335
0.2937686	4.9040404040404	207	0	207	99	31	337
0.2937686	5.06060606060606	207	0	207	99	31	337
0.2937686	4.85353535353535	207	0	207	99	31	337
0.2937686	4.86363636363636	207	0	207	99	31	337
0.2946429	4.94444444444444	207	0	207	99	30	336
0.2937686	4.97474747474747	207	0	207	99	31	337
0.2937686	4.84343434343434	207	0	207	99	31	337
0.2937686	4.85353535353535	207	0	207	99	31	337
0.2937686	4.85353535353535	207	0	207	99	31	337
1	5.44074074074074	0	0	0	18	0	18
0.9545454	6.21851851851852	0	0	0	21	1	22
0.8461539	7.07777777777778	2	0	2	22	2	26
0.9333333	5.5	2	0	2	28	0	30
0.8666667	9.40242165242165	7	0	7	52	1	60
0.7619048	8.54232804232804	10	0	10	48	5	63
0.7826087	9.54193121693122	12	0	12	54	3	69
0.875	7.32169312169312	6	0	6	49	1	56
0.7777778	7.58333333333333	11	0	11	42	1	54
0.8117647	8.71243386243386	14	0	14	69	2	85
0.6590909	7.82694003527337	21	0	21	58	9	88
0.7029703	8.35432098765432	25	0	25	71	5	101
0.6509434	8.13058361391695	33	0	33	69	4	106
0.6517857	9.06982431149098	34	0	34	73	5	112
0.6363636	8.20448532948533	37	0	37	77	7	121
0.5639098	10.9989424156091	49	0	49	75	9	133
0.5424837	8.16818181818182	61	0	61	83	9	153
0.5448718	9.36290684624018	56	0	56	85	15	156
0.5490196	8.19827358552849	58	0	58	84	11	153
0.5471698	8.6787317620651	61	0	61	87	11	159
0.5502958	8.03838383838384	66	0	66	93	10	169
0.480226	8.27130124777184	75	0	75	85	17	177
0.489011	8.17221892123853	78	0	78	89	15	182
0.4782609	8.28135152696556	80	0	80	88	16	184
0.5026738	8.63163211057948	77	0	77	94	16	187
0.5054945	8.57901825270246	78	0	78	92	12	182
0.492228	8.38720538720539	81	0	81	95	17	193
0.4757282	8.7051467051467	94	0	94	98	14	206
0.4253394	7.85555555555555	111	0	111	94	16	221
0.4528302	8.55622895622896	101	0	101	96	15	212
0.4273128	7.54545454545455	109	0	109	97	21	227
0.4253394	8.34781144781145	112	0	112	94	15	221
0.4032922	6.75555555555556	123	0	123	98	22	243
0.4032922	6.43867243867244	121	0	121	98	24	243
0.3927126	6.31919191919192	127	0	127	97	23	247
0.388	7.07037037037037	136	0	136	97	17	250
0.388	5.84545454545455	134	0	134	97	19	250
0.385214	5.97979797979798	137	0	137	99	21	257
0.3873518	5.78282828282828	137	0	137	98	18	253
0.3726236	6.02929292929293	142	0	142	98	23	263
0.3626374	7.21212121212121	151	0	151	99	23	273
0.3622642	6.48636363636364	148	0	148	96	21	265
0.3666667	7.59090909090909	145	0	145	99	26	270
0.3498233	6.36868686868687	166	0	166	99	18	283
0.3510638	6.57575757575757	164	0	164	99	19	282
0.3498233	5.78282828282828	158	0	158	99	26	283
0.3550725	6.07888407888408	152	0	152	98	26	276
0.3589744	6.94131794131794	153	0	153	98	22	273
0.36	6.78787878787879	153	0	153	99	23	275
0.3498233	5.77272727272727	163	0	163	99	21	283
0.34375	6.03535353535353	162	0	162	99	27	288
0.3367347	5.1969696969697	169	0	169	99	26	294
0.3425606	7.44949494949495	169	0	169	99	21	289
0.3498233	6	161	0	161	99	23	283
0.3355932	5.57575757575758	171	0	171	99	25	295
0.33	5.82323232323232	174	0	174	99	27	300
0.3322148	5.68686868686869	174	0	174	99	25	298
0.3245902	5.15656565656566	182	0	182	99	24	305
0.3203883	5.85353535353535	182	0	182	99	28	309
0.3235294	5.64141414141414	179	0	179	99	28	306
0.3256579	5.43434343434343	183	0	183	99	22	304
0.3235294	5.92424242424242	181	0	181	99	26	306
0.3162939	5.50505050505051	187	0	187	99	27	313
0.3214286	6.32323232323232	184	0	184	99	25	308
0.3173077	5.9040404040404	186	0	186	99	27	312
0.3173077	5.63636363636364	187	0	187	99	26	312
0.3173077	5.26767676767677	188	0	188	99	25	312
0.3193548	5.3989898989899	189	0	189	99	22	310
0.3152866	5.08585858585859	191	0	191	99	24	314
0.3113208	5.96969696969697	192	0	192	99	27	318
0.3142857	5.56060606060606	193	0	193	99	23	315
0.3084112	5.29292929292929	198	0	198	99	24	321
0.3084112	5.27272727272727	198	0	198	99	24	321
0.3046154	5.28282828282828	197	0	197	99	29	325
0.3046154	5.23232323232323	198	0	198	99	28	325
0.3065015	5.36363636363636	196	0	196	99	28	323
0.3027523	5.1969696969697	202	0	202	99	26	327
0.3065015	5.07575757575758	198	0	198	99	26	323
0.303681	5.61616161616162	198	0	198	99	29	326
0.3084112	5.23737373737374	195	0	195	99	27	321
0.303681	4.96464646464646	201	0	201	99	26	326
0.3018293	4.88888888888889	201	0	201	99	28	328
0.3018293	4.89393939393939	202	0	202	99	27	328
0.3	4.99494949494949	202	0	202	99	29	330
0.2981928	5.0959595959596	203	0	203	99	30	332
0.2990937	5.14646464646465	202	0	202	99	30	331
0.2981928	5.21717171717172	204	0	204	99	29	332
0.2937686	5.25252525252525	207	0	207	99	31	337
0.2946429	4.94949494949495	207	0	207	99	30	336
0.2964072	5.04545454545455	206	0	206	99	29	334
0.2955224	5.00505050505051	206	0	206	99	30	335
0.2937686	4.9040404040404	207	0	207	99	31	337
0.2937686	4.98989898989899	207	0	207	99	31	337
0.2937686	4.96464646464647	207	0	207	99	31	337
0.2937686	4.95454545454546	207	0	207	99	31	337
0.2937686	4.96464646464646	207	0	207	99	31	337
0.2937686	4.88383838383838	207	0	207	99	31	337
0.2937686	4.85353535353535	207	0	207	99	31	337
0.2937686	4.85353535353535	207	0	207	99	31	337
0.2937686	4.85353535353535	207	0	207	99	31	337
0.2937686	4.85353535353535	207	0	207	99	31	337
1	6.46296296296296	0	0	0	12	0	12
0.9	5.77777777777778	1	0	1	18	1	20
0.8378378	7.41851851851852	3	0	3	31	3	37
0.8	6.80277777777778	8	0	8	40	2	50
0.8	6.28624338624339	6	0	6	40	4	50
0.7959183	5.91322751322751	7	0	7	39	3	49
0.8484849	11.3310405643739	8	0	8	56	2	66
0.7037037	7.97464726631393	20	0	20	57	4	81
0.721519	8.3423721340388	18	0	18	57	4	79
0.7375	6.95427689594356	16	0	16	59	5	80
0.741573	8.02333654000321	19	0	19	66	4	89
0.5754717	6.49228395061728	39	0	39	61	6	106
0.68	9.3096480679814	22	0	22	68	10	100
0.656	7.6307002776301	38	0	38	82	5	125
0.6299213	8.87463524130191	36	0	36	80	11	127
0.5496183	7.84200336700337	49	0	49	72	10	131
0.5704225	9.8527417027417	53	0	53	81	8	142
0.5093167	9.42068302068302	64	0	64	82	15	161
0.5379747	9.02115600448934	60	0	60	85	13	158
0.5506329	9.00503565062389	60	0	60	87	11	158
0.4916201	7.47643097643098	76	0	76	88	15	179
0.5113636	8.05593434343434	75	0	75	90	11	176
0.4764398	7.49659090909091	82	0	82	91	18	191
0.4858757	6.21952861952862	77	0	77	86	14	177
0.4354067	8.10146198830409	103	0	103	91	15	209
0.4311927	7.38484848484849	109	0	109	94	15	218
0.4444444	7.2324354657688	101	0	101	92	14	207
0.4383562	7.94141414141414	106	0	106	96	17	219
0.4460094	7.70701754385965	103	0	103	95	15	213
0.438914	8.06108706108706	103	0	103	97	21	221
0.4423963	7.06685906685907	108	0	108	96	13	217
0.4135021	6.47979797979798	121	0	121	98	18	237
0.4152542	6.33030303030303	119	0	119	98	19	236
0.4016736	7.08585858585858	123	0	123	96	20	239
0.4016736	6.91313131313131	124	0	124	96	19	239
0.3873518	7.09090909090909	134	0	134	98	21	253
0.3818898	7.23419913419913	132	0	132	97	25	254
0.3764259	6.64141414141414	141	0	141	99	23	263
0.3807692	7.73737373737374	140	0	140	99	21	260
0.3849206	7.94242424242424	134	0	134	97	21	252
0.375	6.99494949494949	145	0	145	99	20	264
0.3680297	7.15656565656566	148	0	148	99	22	269
0.3626374	6.01515151515152	152	0	152	99	22	273
0.3653136	6.2979797979798	150	0	150	99	22	271
0.3653136	7.14646464646465	150	0	150	99	22	271
0.3473684	6.2020202020202	161	0	161	99	25	285
0.3498233	6.48989898989899	158	0	158	99	26	283
0.3461539	5.86363636363636	162	0	162	99	25	286
0.3390411	6.14141414141414	170	0	170	99	23	292
0.3413793	6.65151515151515	168	0	168	99	23	290
0.3402062	6.04040404040404	171	0	171	99	21	291
0.3461539	5.55050505050505	161	0	161	99	26	286
0.3311037	5.37878787878788	174	0	174	99	26	299
0.3390411	5.30808080808081	166	0	166	99	27	292
0.34375	5.46969696969697	167	0	167	99	22	288
0.3322034	5.55151515151515	176	0	176	98	21	295
0.3289036	5.64141414141414	178	0	178	99	24	301
0.3256579	5.37878787878788	177	0	177	99	28	304
0.3214286	5.6010101010101	189	0	189	99	20	308
0.3214286	5.54040404040404	183	0	183	99	26	308
0.3235294	5.45454545454545	181	0	181	99	26	306
0.3203883	5.71717171717172	183	0	183	99	27	309
0.3193548	5.31818181818182	185	0	185	99	26	310
0.3152866	5.3989898989899	188	0	188	99	27	314
0.3103448	5.46464646464646	189	0	189	99	31	319
0.3123028	5.57070707070707	189	0	189	99	29	317
0.3152866	5.47474747474747	186	0	186	99	29	314
0.3152866	5.74242424242424	186	0	186	99	29	314
0.3103448	5.45959595959596	193	0	193	99	27	319
0.3074534	5.12121212121212	198	0	198	99	25	322
0.3113208	5.60606060606061	189	0	189	99	30	318
0.309375	5.38888888888889	197	0	197	99	24	320
0.3113208	5.91414141414141	194	0	194	99	25	318
0.3074534	5.18686868686869	196	0	196	99	27	322
0.3065015	5.22222222222222	197	0	197	99	27	323
0.3046154	5.59090909090909	201	0	201	99	25	325
0.3084112	5.21717171717172	196	0	196	99	26	321
0.3065015	4.94444444444445	197	0	197	99	27	323
0.3074534	5.51010101010101	197	0	197	99	26	322
0.3055556	5.13131313131313	198	0	198	99	27	324
0.3027523	5.33333333333333	204	0	204	99	24	327
0.3027523	4.99494949494949	201	0	201	99	27	327
0.2990937	4.95454545454546	203	0	203	99	29	331
0.2990937	5.14646464646465	203	0	203	99	29	331
0.2990937	5	205	0	205	99	27	331
0.2990937	5.3030303030303	204	0	204	99	28	331
0.2964072	5.00505050505051	204	0	204	99	31	334
0.2972973	4.78787878787879	205	0	205	99	29	333
0.2964072	4.8989898989899	205	0	205	99	30	334
0.2964072	5.3030303030303	206	0	206	99	29	334
0.2946429	5.04040404040404	207	0	207	99	30	336
0.2964072	4.86363636363636	205	0	205	99	30	334
0.2937686	4.94949494949495	207	0	207	99	31	337
0.2937686	5.18181818181818	207	0	207	99	31	337
0.2937686	5.01515151515152	207	0	207	99	31	337
0.2937686	5.07575757575758	207	0	207	99	31	337
0.2937686	4.87878787878788	207	0	207	99	31	337
0.2937686	4.84848484848485	207	0	207	99	31	337
0.2937686	4.86363636363636	207	0	207	99	31	337
0.2937686	4.85353535353535	207	0	207	99	31	337
0.2937686	4.85353535353535	207	0	207	99	31	337
